[[[-5.383644387; 3.793115708; -5.855689733; 1.942056357; -5.426043003;
   4.086508637; -11.27656474; 7.82829548; -5.400008321; 4.086757903;
   -2.589211083];
  [1.209571981; 0.09394335528; -4.986384602; 3.243619137; 0.7485563073;
   0.06553205125; 4.472401988; -9.927975089; 0.7832365382; 0.0691636564;
   0.2075507729];
  [-11.1260724; -3.870590619; -3.996666188; -2.075656658; -9.944937117;
   -4.027252456; 0.133013868; -0.6213613039; -10.74541537; -4.021916822;
   10.11525436];
  [-1.371346988; -5.126332244; -7.892879485; -14.05350173; -1.244681601;
   -5.64632099; 2.996835136; 5.167370476; -1.151228444; -5.62224076; 10.08713671];
  [-2.341745386; -1.312254085; 4.043899296; -1.372274864; -1.921827702;
   -1.303768559; 1.040311385; -0.674425178; -2.058761472; -1.310489131;
   0.2611540125];
  [-3.065424816; -8.805027922; -2.233721998; 6.484572533; 1.918203877;
   -8.811910682; -8.854909625; 1.441197452; 1.918494591; -8.816686208;
   -1.376813533];
  [-1.760170965; -4.396010644; -13.32239216; 12.95661118; -2.264215164;
   -4.692210595; -2.389069652; -8.46212341; -2.67523272; -4.704176247;
   -0.0164852685];
  [3.587067518; -3.984567477; -4.79531553; -3.014532452; -6.903419723;
   -3.755216661; -2.981339965; 1.97881859; 6.168008838; -3.738682637;
   -1.914971736];
  [7.139356501; -7.649062851; 7.219990057; -7.456308779; 7.564934442;
   -7.451638403; -17.63527336; -10.49300578; 7.595361465; -7.442635842;
   8.006346304];
  [-11.85986255; -5.114463913; 5.709430153; 2.913495512; -11.92654423;
   -5.075894727; 13.79543359; -22.06401323; -11.94160244; -5.076677066;
   8.499586059];
  [3.804552191; -5.404207083; -11.27742088; 2.881254918; 2.58192673;
   -5.421588999; -10.15671438; 2.888963204; 3.192287045; -5.425522264;
   -5.025261692];
  [-0.6712151481; -0.8522951819; -0.5940487097; -0.211695716; 0.03746546945;
   -0.3695075451; -0.8789585902; -0.7311255929; -0.7155652059; -0.5201861307;
   -1.381618048];
  [-7.271022195; 7.904105654; -8.391216451; 8.04099301; -7.181437733;
   7.909574519; 13.58303725; 6.71305171; -7.216289408; 7.915039176; -17.63598022];
  [-4.317254733; -2.804460402; -18.31250731; -13.56341822; -5.060226371;
   -2.805768602; 19.80568126; -10.31413799; -5.492678875; -2.799589314;
   7.486990558];
  [-6.866223814; -3.414446447; 0.4576560034; -15.63105533; -7.098171142;
   -3.589440565; -5.201740192; 14.66593852; -7.020545009; -3.596705467;
   0.6215766508];
  [-7.445747908; -3.776162714; 8.657689132; 3.368005458; -7.472515372;
   -3.889109573; 8.405502345; -16.72557163; -7.439675644; -3.893677508;
   16.06547747];
  [3.520086193; -7.455987005; -3.81983848; -11.58919872; 3.595066157;
   -7.605093863; -4.264497859; 7.521015419; 3.620229242; -7.600911201;
   16.34148201];
  [7.605256742; -5.755540437; -5.337066935; -4.833601744; 5.26168645;
   -5.872054772; -4.003168237; 3.136054565; -11.77483284; -5.921023678;
   -0.2375606957];
  [-4.58393027; 6.861259187; -8.743151422; -13.42650794; -4.572847048;
   6.742988582; 11.8061519; 7.712464639; -4.59102882; 6.739753656; -15.18498443];
  [-8.37195816; -4.374463541; -0.407422301; 11.73724354; -8.265842948;
   -4.426319232; -0.8665978393; -13.89608851; -8.358497192; -4.426152682;
   5.757618674];
  [7.821924121; -8.166779142; 6.821645957; -7.364935504; 7.590726182;
   -8.156686024; -14.48372713; -7.120215608; 7.332453975; -8.161910689;
   -4.193868575];
  [9.796021714; -8.838451846; 6.251322231; -8.437429196; 9.918038482;
   -9.079776506; 8.259367225; -8.121595498; 9.915418384; -9.081326164;
   5.427717929];
  [8.15080842; 3.707495505; -8.789730864; -3.928206757; 8.024353871; 3.865501859;
   -8.00080689; 16.78700939; 8.093371971; 3.862502469; -22.04192252];
  [4.506004539; -4.722686379; 5.098100433; -4.513774067; 4.890252544;
   -4.308145152; -9.945456506; -5.642731914; 4.896664161; -4.561199249;
   -11.1832758];
  [-2.114700472; 4.845341722; -7.364116871; -4.480433834; -2.047187114;
   4.796686073; 3.61167478; 6.229145286; -1.964927985; 4.795706497; -10.44959597]];
 [[-15.8100436; 0.7166332324; -8.896644146; -9.385238929; -0.4071008543;
   -10.24079964; -11.34999905; -5.761538656; -17.34212904; -14.53408172;
   6.337854365; 0.4215032045; -14.54269932; 16.12320722; 13.50018509;
   14.13708236; 6.821996423; -5.766928304; -0.9569883155; 13.8141006;
   22.66588162; -19.43937913; 10.90401218; -11.33493929; -2.237278814;
   10.5653281];
  [11.95316528; 4.98089089; 6.974558731; 3.724916523; 5.511583262; 6.157496176;
   4.034482564; 5.409726924; 14.02824311; -2.605841276; -10.34699423;
   0.9882153778; 16.08497948; -8.266560576; -10.47054255; 9.90314222;
   1.364904362; 4.071840555; 10.76855613; -8.783433817; -17.38790662;
   11.95338475; 12.48721157; 9.738593071; -12.46622744; -34.28921438];
  [-8.077337525; 0.8084234142; 10.95992044; 9.805569385; 0.1554575989;
   9.361910041; 7.187082415; 3.861946046; -12.26384931; 18.45631783;
   -6.332778748; -0.1833162668; -13.58441511; -15.77357049; -11.53098367;
   -16.27266169; -10.61315619; 4.531753566; -8.8480608; -20.43227785;
   8.548400526; -3.570388434; -10.36066165; -5.887006199; 14.18630271;
   14.65209482];
  [2.477538611; -6.975435461; -11.58612237; -4.360457268; -3.598772435;
   -6.262048956; -8.391890086; -5.197406472; 8.171706172; -1.92326036;
   10.56075962; -0.5870263404; 7.837672514; 11.127757; 6.867605863; -11.93293378;
   -0.03232424895; -5.663352969; 0.40617086; 16.43173485; -4.911058701;
   6.63874715; -12.32371968; 5.439554214; -4.209313502; -7.058929816]]]