[[[-7.991098856; -4.076138217; 0.4894992724; 10.76798702; -7.997668432;
   -4.379999012; -9.084709641; 7.843694959; -7.967351553; -4.345232262;
   1.378942844];
  [4.71966415; -4.428693642; -15.37759622; -12.41069506; 5.483765571;
   -4.112447898; 2.598947065; -13.08551812; 5.447034446; -4.120394061;
   1.913708245];
  [9.346579346; -9.130730862; 10.04019442; -7.31094383; 9.336663484;
   -9.689959529; -18.1728882; -6.876403719; 9.316269078; -9.686392534;
   19.87608558];
  [-0.7589667768; -3.85119221; -1.928906594; -1.211485326; 1.61628534;
   -3.763320716; -2.339594399; -3.694495741; 1.606245386; -3.803319029;
   -0.9902026089];
  [-0.7694611474; -1.054626686; -0.9630658457; -0.2253794879; -0.8347240096;
   -0.7035735566; -0.9046649133; -1.184068356; -0.6271719474; -0.5576273307;
   -1.89094835];
  [5.81043617; -12.94263538; -6.319637489; -10.39272137; 5.880179487;
   -12.9167723; -6.219584792; 12.18125272; 5.911671104; -12.91126927;
   4.622780318];
  [-5.654477402; -4.122998955; 6.990353439; 13.44881434; -5.642601395;
   -4.151012945; 3.338119696; -8.714265825; -5.672478865; -4.158046274;
   5.689598711];
  [-8.932422863; 7.926026435; -11.34202725; 11.42057357; -8.923421606;
   8.389171983; 18.40182383; 7.396055691; -8.922829511; 8.445605318;
   -29.90543628];
  [4.637128398; -2.761659578; -5.088698422; 7.300292381; 4.692876505;
   -2.645325588; -4.290661873; 5.643901705; 4.74698371; -2.638731077;
   -11.88848489];
  [-6.812881622; -3.374298112; -18.39205716; 18.1914562; -6.814674244;
   -3.518741213; 10.41676339; -14.26726304; -6.816809717; -3.498934392;
   3.935911609];
  [-8.041971786; -2.193233087; 8.011644795; 8.610223358; -7.914976695;
   -2.188507324; 8.540499168; -17.1303724; -7.935815799; -2.178916435;
   8.91834326];
  [10.65899862; -11.46642984; 9.779848567; -8.757961808; 10.66371089;
   -11.44018692; -20.26939577; -8.604100367; 10.64990492; -11.44324713;
   3.762909361];
  [7.245537791; -12.72688122; -5.584789559; 9.529303667; 7.322087242;
   -12.6930238; -6.07138925; 11.40051436; 7.350982072; -12.66787584;
   -4.597480823];
  [-0.532575125; -0.7494341458; -1.000191019; -0.2485411762; -0.5004280386;
   -0.5683163556; -0.5301213716; -1.167950867; -0.6353867964; -0.1281676892;
   -1.621664587];
  [-12.75051063; -6.075941882; 11.34468261; 5.799537737; -12.99853841;
   -6.046237605; 12.19629986; 4.987413091; -12.91767895; -6.045914975;
   -2.468598935];
  [-7.053933641; -3.162084556; -3.926199093; 13.48499069; -7.05831467;
   -3.182201585; 0.8699103529; -14.73099902; -7.050167216; -3.158989128;
   2.731634198];
  [-0.5777086844; -0.652426672; -1.30540054; -0.6899678351; -0.9643669667;
   -0.5629569118; -0.8300987746; -1.076549138; -0.618623619; -0.4768744691;
   -1.634767734];
  [7.984079327; -9.023728234; 6.424164713; -9.445500319; 8.196044586;
   -9.029779872; -17.25037928; -8.326531361; 8.091509243; -9.041739802;
   -0.5731141107];
  [-2.496579841; -1.256314862; 3.755255753; -7.890893916; -2.311287372;
   -1.251555236; 5.323196035; -7.474413786; -2.397832307; -1.333721301;
   -5.069366367];
  [6.127989952; -7.362536391; -11.99621263; -9.995499619; 5.923196011;
   -7.347179946; -15.73391696; -7.760109905; 5.923164562; -7.334792749;
   5.51201854];
  [2.46245611; -1.266164243; -9.899536375; 7.825583452; 2.511202166;
   -1.123751969; -10.38980439; 6.148057807; 2.558713774; -1.126030528;
   -10.73966523];
  [-5.589947343; -3.216619971; 2.439679051; -2.074539708; -5.734742407;
   -3.489048307; -5.733547777; 9.074922633; -5.721994151; -3.448363402;
   3.226169419];
  [-0.4130837565; -0.6983501068; -1.52276809; 7.040604752e-05; -0.4646268324;
   -0.3833666224; -1.334031216; -0.8034532659; -0.5139609879; -0.6927782247;
   -1.68691066];
  [-14.00073995; -6.066856679; 13.43851397; 7.381758105; -13.85749612;
   -6.083374795; 13.71610408; -25.28486977; -13.92227965; -6.223253849;
   1.836946409];
  [-8.690818566; -3.159702809; 8.904206416; 1.337829033; -8.746171292;
   -3.280907962; 8.647072131; -15.6821132; -8.783197518; -3.314789966;
   -2.94568613]];
 [[-8.800037178; 11.15085526; 21.55134033; -6.130500669; -0.3870316073;
   -10.26658555; -9.580152945; 23.02064359; -8.578722018; -10.64913524;
   10.96547269; -21.93725986; 14.49344359; -0.5854348391; 7.751291385;
   12.85194448; -0.1937415974; 22.94077455; 4.684091894; -11.59136512;
   14.33180157; 5.461266554; -0.08679435325; -15.56373868; 6.036716119;
   -17.87084243];
  [11.19730478; -9.799171856; -23.11802095; 8.367428177; -0.08103753507;
   -9.557361065; -9.911179668; -22.68156356; 3.771375003; 5.258793484;
   10.58692711; 24.31442634; 7.362049747; -0.3451569304; 6.526265866;
   -11.73873284; -0.5428527123; -17.13147461; -3.886163346; 16.39088556;
   -12.57843096; -7.824046968; 0.02737033413; -7.487431128; 9.811778856;
   4.420245696];
  [6.559080172; 2.151217256; 8.312051304; 1.771887302; 0.1531836232; 10.97078115;
   11.50780228; 5.480125192; 11.92731699; 7.273161988; -13.06595178;
   -9.143421277; -22.51286844; 0.6898505654; -8.388992432; -20.62650087;
   0.6213872824; 9.812426817; -6.192331042; -2.96779191; -8.959270704;
   -2.725037002; 0.6422478464; 20.09104612; -8.605036149; -13.79407937];
  [-12.2752358; 8.156395963; -11.00186389; -0.3774596668; -0.7325395761;
   8.024840766; 11.63587756; -6.506293574; -2.036806956; -9.084009469;
   -13.13720793; 9.192643717; -6.639649825; 0.2908666923; -6.327795011;
   16.59203499; -0.4398720773; -13.16092278; -2.140923544; -6.571483548;
   11.3530541; 7.397860155; -1.144034856; 8.064667212; -5.710031568;
   -3.831495405]]]