[[[-12.31151779; -6.078614418; 13.05145459; 4.702152618; -12.4077316;
   -5.990406414; 12.97531132; -24.51414904; -12.45339579; -6.197215138;
   3.277192548];
  [-4.254223178; 0.2834738792; -15.31590455; -7.686151716; -4.307227617;
   -1.997052337; 15.57072278; -7.650210139; -4.332467584; 0.7006851512;
   1.9075117];
  [1.5644282; -8.572817567; 5.570305397; -6.617010727; 2.500148085; -9.3183934;
   6.429026248; -2.577820569; 2.556012805; -8.590426614; -2.530657988];
  [-7.799277209; -3.447500006; -1.406119345; 15.54917451; -7.866992222;
   -3.445369625; -2.861097881; -13.69553962; -7.865819332; -3.549839009;
   4.450736061];
  [10.18006126; -6.330111684; -2.767936749; -3.536115921; 10.90448678;
   -6.914938631; -3.702640519; -1.709113343; 10.90061003; -6.304313609;
   -17.06804];
  [10.20127882; -9.190710147; 9.559910535; -8.082569664; 9.70926039;
   -8.853712913; -19.89374099; -9.693858136; 9.699679467; -9.28556668;
   2.670744899];
  [-7.608399221; -3.538973064; -15.32471739; 12.54221321; -7.580093711;
   -3.33396934; 10.95122961; -14.47239917; -7.538718993; -3.489426002;
   10.42864567];
  [13.51102702; -11.18279813; 12.86659184; -12.61004939; 13.55448506;
   -12.73809465; 7.925610523; -10.14715249; 13.54916224; -11.7988546;
   7.544484836];
  [-5.21114256; -8.325553811; -7.357552349; 1.690779102; -5.257315161;
   3.965039859; -11.67952281; -10.57306319; -5.292612709; -8.263131647;
   19.46198955];
  [2.159050712; -7.01096244; -8.126749225; -10.21567982; 2.099494787;
   7.255549172; -2.814333659; 2.985404971; 2.060373913; -6.451562228;
   -5.419029854];
  [6.366784927; -6.907772296; -13.76155137; -6.742054439; 6.311900128;
   -7.834928488; -13.46424871; -8.236196135; 6.316537225; -7.028314079;
   5.124532974];
  [8.469025088; -8.847606384; 7.088679638; -9.331293461; 8.527116102;
   -8.14383316; -16.07778529; -8.855637697; 8.538324976; -8.707652527;
   -3.830823569];
  [-7.185661471; 5.219174809; -8.181796831; 6.723201864; -7.190249559;
   7.109478064; -17.14581081; 4.099646679; -7.173557095; 5.998031847;
   -1.607465815];
  [-1.955343407; 9.966248417; -8.280512898; -6.588896251; -2.062865198;
   -13.91094818; -2.729815543; -3.932243019; -2.05352054; 9.604105673;
   -4.747375271];
  [-4.345814329; -0.8518364292; 4.228044585; 2.288273285; -4.339678588;
   -2.274449668; 3.915759386; -14.73333015; -4.328237557; -1.004105666;
   5.80434066];
  [-2.643517304; -3.25672177; 2.602447931; 5.222197034; -2.662772838;
   -2.972453694; -5.361343264; -2.655684885; -2.659708076; -3.037936368;
   5.959477418];
  [-0.5477755367; -13.94298876; -7.867671367; -5.406839301; -1.684302596;
   10.7754093; -7.248517891; -4.711413432; -1.766941828; -13.56548981;
   6.975684271];
  [-12.4479265; -6.603898231; 12.06097655; 5.344190683; -12.43958277;
   -6.748318459; 12.11748085; 4.449246022; -12.39472837; -6.646092604;
   -1.911966359];
  [-6.422288669; 2.944801955; -4.808750446; 4.190858064; -6.426588112;
   4.85184567; -3.165706809; 3.535126839; -6.332544556; 4.489580688;
   -12.91027833];
  [7.567168186; -6.906974826; 18.32801903; -7.286647672; 7.574746517;
   -6.65369106; -11.70953005; -7.040038205; 7.57805543; -6.903345397;
   3.616208618];
  [6.308095338; -5.921083836; -30.26472627; -5.996861615; 6.283998487;
   -6.193459202; -12.53292952; -5.485841342; 6.258196635; -5.904992757;
   13.93207967];
  [-2.865239227; 6.407721372; 11.00962126; -3.841935923; -2.886135223;
   6.628152643; -10.77593999; -5.204856647; -2.888221497; 6.353224077;
   -9.527440256];
  [0.05073403274; -2.113127094; -0.3999857287; -2.120882411; 1.14527467;
   -3.767557975; -3.367764572; -1.850123454; 1.15047034; -1.732176885;
   -0.4232647959];
  [-2.975420705; -0.452733304; 13.26328203; -10.17709224; -3.141970029;
   -0.8253382996; -16.03255622; -7.96096818; -3.157672528; -0.5635615177;
   3.259180546];
  [5.35632098; 0.4441007341; -0.8054664995; -6.823972966; 5.24812656;
   1.039737179; 2.215794036; 4.450515063; 5.230041615; 0.3140390525;
   -13.72237633]];
 [[-17.93294459; 9.029260492; -8.577073988; 17.47200792; 11.73485132;
   -24.48228582; -9.034669644; -17.72463839; -9.917109727; -10.59274156;
   -21.41974317; 21.65744267; -12.72954473; -8.110241769; 9.556963162;
   -8.00778989; 10.86422178; 11.070471; -11.0662804; 22.28446093; 21.30226864;
   -8.594014997; -0.8391451591; 11.76115093; -6.190932318; 5.385184447];
  [-1.958913091; -7.482959556; 3.839186849; -15.40160123; -5.461950753;
   22.95528927; 9.30792673; 15.8904788; 8.662443798; 4.967197579; 15.63975315;
   -16.44105654; 15.99765351; 7.194307579; 3.648871131; 2.937032937;
   -4.537489341; 7.721337459; -16.33936156; -19.38395603; -18.43167542;
   6.513998688; 7.779615536; -13.39867191; 8.356165818; -18.16698772];
  [20.34419858; -15.15653607; 8.701481796; -22.24665577; -17.55898965;
   -9.552170909; 12.65657929; -9.339806084; 11.37652036; 14.37628797;
   -2.821987823; 16.10360563; -12.87510526; 9.726459495; -10.61153002;
   10.59957791; -18.28596456; -14.00539786; -0.1647927989; 2.930711518;
   3.667140576; 10.38681155; -2.642044696; -15.72798623; 8.194996121;
   -5.304429521];
  [7.361850431; 6.44860939; -3.43540132; 11.32287251; 15.07491997; 7.395502119;
   -12.94600265; 11.12100147; -6.276019862; -5.202635614; 4.670236335;
   -13.08230085; 9.267224906; -6.334617815; -5.878207185; -7.429360309;
   6.587999502; -10.00229484; -8.496129628; -11.55438298; -8.317126331;
   -8.195169364; -1.488205332; 12.03170144; -10.41768817; -5.657972827]]]