[[[8.493258372; -7.964220789; 6.597482235; -6.577954093; 8.243532544;
   -8.075801174; -16.73082899; -6.536718241; 8.3543065; -8.144425655;
   4.615672614];
  [-2.975302466; -1.746773778; -3.834612385; -4.851840671; -3.049181907;
   -2.009384467; -3.935941033; -3.61960052; -3.122950565; -1.994337381;
   10.68921178];
  [-0.2826813669; -0.4669343345; -0.921228897; -0.8131665768; -0.5600907733;
   -0.6736947793; -0.952870687; -0.4790094493; -0.1839226475; -0.2734860165;
   -2.000054625];
  [-0.6644267682; -1.018419383; -0.8182446948; -1.056330545; -0.08960304049;
   -0.489378606; -0.703508217; -0.3752984947; -0.2143578802; -0.1519679947;
   -1.677935409];
  [-8.854463457; 7.426165363; -9.200832498; 8.616207185; -8.778721896;
   7.814050441; 15.72596581; 8.731456059; -8.920299245; 7.605950496;
   -28.02939679];
  [-2.008779752; -2.342371351; -8.956125118; -7.291042659; -2.686190053;
   -2.881221125; 12.48901569; -5.945786345; -2.267429394; -2.772566385;
   1.412313875];
  [1.816636492; -0.1563965081; -7.355963219; -4.848708723; 1.524452204;
   -0.08846175212; -1.913084465; -5.035326815; 1.448767861; -0.2091779178;
   2.935205687];
  [3.217231447; -5.022902222; -21.6517886; -4.412197658; 3.455248922;
   -4.726285529; -8.383354569; -5.610331433; 3.705943061; -4.292345906;
   9.974003754];
  [10.71337056; -7.935311151; 11.32003308; -7.821530897; 9.999019596;
   -8.753893631; -16.8100935; -7.252179064; 9.713026732; -8.917835984;
   16.25903756];
  [-8.600981421; -2.829863461; 2.557922378; -16.97195764; -8.218108248;
   -2.655073; 11.05333198; -13.25246595; -8.762478073; -2.72673725; 4.79299773];
  [-7.253552845; -3.566326489; -12.99184107; 5.160841678; -7.173056663;
   -3.867187269; 9.368989114; 2.788278121; -7.333370176; -3.845330371;
   0.3731194083];
  [3.284373618; -13.01465677; 7.195681215; 2.70051729; 3.061401291; -12.89884681;
   6.480337644; 2.378224527; 2.608364578; -13.14506512; -6.096425967];
  [-4.489061409; -2.233558184; -0.1273873053; -0.8715860333; 2.134363148;
   -3.079481027; 1.036910557; -1.667415882; -4.674954065; -2.711135971;
   0.398027429];
  [-1.074328012; -1.319228236; -0.03195959988; -1.684478725; -1.313194806;
   -0.9526394298; 0.2077268891; 0.004763138914; -0.7311283347; -0.3199612225;
   -1.88502383];
  [-7.541263277; -2.553678074; 3.173271352; 10.40126153; -7.478756882;
   -2.876249816; -6.619244371; 9.519240488; -7.79501543; -2.942316356;
   -5.350992813];
  [-0.3597810355; -3.490109873; 2.769553222; -0.3199278892; -0.04792687565;
   -3.775503124; 9.503165633; -1.123617744; -0.2406658209; -3.848331301;
   -1.875274256];
  [8.638759485; -9.327313404; 8.086664525; -7.771977716; 8.252026613;
   -9.872181271; -15.89764718; -7.846517238; 8.352833628; -9.343877272;
   -4.025148588];
  [-2.700677602; 2.556253562; -11.39965283; -4.903716618; -2.647149101;
   2.244713387; 14.96757115; -5.032408908; -2.685383835; 2.252490944;
   1.006963537];
  [3.793030255; -9.18758346; -3.740877315; 9.01832354; 3.978057433; -9.225566808;
   -4.312880675; 8.836323852; 3.973205131; -9.202594043; -3.647418463];
  [1.098027783; 3.678841409; -2.450262125; -15.74909307; 0.9932585336;
   4.266932965; -0.1616839038; -15.81990412; 1.331696017; 3.966354203;
   1.679542089];
  [5.97560349; -6.007581664; -14.57171696; -6.058562674; 5.986802263;
   -5.735106865; -12.99468061; -6.453313769; 5.966230146; -5.648384017;
   6.373510209];
  [-8.157244726; -3.581852899; -11.57634355; 2.206736034; -8.518895873;
   -3.520676812; 7.758043253; -14.26892561; -8.426225986; -3.488568167;
   15.49157009];
  [0.8310223088; -1.359859292; -0.04718001341; 0.2069070692; 0.644712844;
   -1.045720866; -1.378646008; -3.614823791; 0.4476576497; -0.5699262409;
   -0.3121149163];
  [-4.705604818; -3.131040534; 2.514309111; 9.080854978; -5.020456273;
   -3.036588898; -10.86952672; -9.162590606; -4.954643774; -2.887341651;
   -0.08352710042];
  [-6.455687293; -4.098083132; -1.183410369; -10.19046891; -6.983253128;
   -4.302737262; -4.74138192; 8.582276983; -7.140095412; -4.324475084;
   7.674443397]];
 [[-19.92663983; -7.112442759; -0.3912453955; -0.1752231752; 20.9610515;
   8.636941614; -4.093526967; 8.905328812; 14.0242167; -15.02987187;
   -15.95467213; -8.424919554; 4.576107369; 0.9881502954; -5.624325093;
   3.646739186; 14.70450528; -7.949082626; 13.63125632; 13.54050124;
   -9.070238081; 9.590674543; -2.025129367; 6.339321903; 11.8894283;
   -11.49777747];
  [19.76922467; 10.61575096; 0.3297051633; 0.6121432763; -12.24480657;
   -9.068470441; 3.71292109; -16.20787427; -13.78713601; 6.759329483;
   -0.6338844283; 4.515420522; -1.09521387; 0.3011452055; 9.063593119;
   -1.58020488; -17.3213627; 9.173541373; -1.464944844; -6.457746953;
   12.44579153; -0.3031335197; 2.106317547; -9.608440294; -8.77805753;
   -2.159997438];
  [-2.400597894; 7.869052309; 0.244439772; 0.3020764555; -2.007332104;
   -9.010870997; 4.542292622; 9.601053385; 6.788436164; 17.46830213; 11.75249721;
   8.296168027; -1.4071914; -0.8515987645; 6.243706623; -2.395707839;
   7.742731998; 4.092216329; -14.18485712; -13.0228709; -9.272070597;
   -16.28658738; 0.8637074023; -6.800307189; -13.97166973; -8.91303411];
  [6.808459692; -12.86514792; -0.7601914739; -0.1163071928; -9.837624127;
   10.90232093; -5.223703581; -3.749726678; -13.12919264; -11.08181337;
   -1.384427021; -7.407240526; 1.674095157; 0.4325276624; -7.399170485;
   3.289557007; -5.117857529; -9.964384518; 1.695150026; 7.248271863;
   8.964345864; 1.123643064; -1.689376482; 9.921982682; 9.610935368; 2.285237987]]]